image_width: 1280
image_height: 720
camera_name: rpi_cam
camera_matrix:
  rows: 3
  cols: 3
  data: [198.989838, 0.000000, 548.035029, 0.000000, 211.011130, 645.508987, 0.000000, 0.000000, 1.000000]
distortion_model: plumb_bob
distortion_coefficients:
  rows: 1
  cols: 5
  data: [0.001475, 0.000205, 0.005682, 0.006523, 0.000000]
rectification_matrix:
  rows: 3
  cols: 3
  data: [1.000000, 0.000000, 0.000000, 0.000000, 1.000000, 0.000000, 0.000000, 0.000000, 1.000000]
projection_matrix:
  rows: 3
  cols: 4
  data: [212.046616, 0.000000, 597.955871, 0.000000, 0.000000, 230.161331, 657.630488, 0.000000, 0.000000, 0.000000, 1.000000, 0.000000]

